0.0003302696
0.000330186
0.0003301807
0.0003303418
0.0003302866
0.0003302254
0.0003302226
0.0003303171
0.0003301327
0.0003302611
0.0003302718
0.0003301756
0.0003301976
0.0003302548
0.0003302436
0.0003301823
0.0003300979
0.0003301956
0.0003302289
0.0003301985
0.0003303251
0.0003303425
0.0003302589
0.0003302198
0.0003302677
0.000330249
0.000330253721033
0.000330241247015
0.0003301806
0.000330220574633
0.00033017884416
0.000330179101266
0.000330212591402
0.0003302119
0.000330294887945
0.000330336574902
0.000330300854286
0.000330234783268
0.0003302205
0.000330253738879
0.000330279432336
0.0003302813
0.000330266552414
0.0003302549
0.000330226207097
0.000330203911935
0.000330226805208
0.000330279305208
0.0003303198
0.000330268616452
0.000330229274194
0.000329655532353
0.000328766486134
0.0003281059
0.000324255920244
0.00032135811561
0.000317484793488
0.000313253303256
0.0003102286